nfrag=550
nlarge=50
ndebris=500
nfrag_end=481
nlarge_end=37
ndebris_end=444
tini=1.383847e+01
tint=1.505818e-01
UM=1.988920e+30
UL=1.495979e+11
UT=3.155760e+07
