nlarge_end=2.200000e+01
UL=1.495979e+11
UT=3.155760e+07
ndebris_end=3.390000e+02
nfrag=4.400000e+02
nfrag_end=3.610000e+02
UM=1.988920e+30
nlarge=4.000000e+01
tint=1.500000e+00
tini=-1.000000e+00
ndebris=4.000000e+02
