nfrag=1172
nlarge=30
ndebris=1142
nfrag_end=1078
nlarge_end=24
ndebris_end=1054
rhoc=6.000000e+02
fr=2.600000e-01
q=-3.500000e+00
tini=1.386311e+01
tint=1.259411e-01
UM=1.988920e+30
UL=1.495979e+11
UT=3.155760e+07
