nfrag=2
nlarge=1
ndebris=1
nfrag_end=2
nlarge_end=1
ndebris_end=1
tini=1.385216e+01
tint=5.475702e-02
UM=1.988920e+30
UL=1.495979e+11
UT=3.155760e+07
