ndebris=1.000000e+00
nlarge_end=2.000000e+00
nlarge=2.000000e+00
UT=3.155760e+07
ndebris_end=1.000000e+00
nfrag=3.000000e+00
nfrag_end=3.000000e+00
UM=1.988920e+30
UL=1.495979e+11
tint=5.475702e-02
tini=1.385216e+01
