nfrag=10011
nlarge=7
ndebris=10004
nfrag_end=9841
nlarge_end=7
ndebris_end=9834
rhoc=6.000000e+02
fr=5.000000e-01
q=-3.500000e+00
tini=1.389057e+01
tint=1.833029e-02
UM=1.988920e+30
UL=1.495979e+11
UT=3.155760e+07
