nlarge_end=8.000000e+00
nlarge=1.000000e+01
UT=3.155760e+07
ndebris_end=3.400000e+01
nfrag=5.000000e+01
nfrag_end=4.200000e+01
UM=1.988920e+30
ndebris=4.000000e+01
tint=1.500000e+00
UL=1.495979e+11
tini=-1.000000e+00
