file='comet-fragments.dat'
title='t = -1.00 yrs'
facvel=1
Rmax=1.000000e+04
Rc=1.000000e+04
rf=2.466212e+03
