file='comet-fragments.dat'
title='t = 13.85 yrs'
facvel=1
Rmax=2.000000e+03
Rc=2.000000e+03
rf=9.283178e+02
